kanda is life!!11010000
0101000011111111
0000000000000000
1100000000000000
0000000000000000
0010000000000000
1011000000000000
0101000010000000
01001000
adj
1100000010000000
1100000001000000
000000000000000000000000
1100000000000000
adj
0100000011000000
1100000000000000
0100000010000000
1011000000000000
0101000010000000
0100000011000000
1010000000000000
0100000011000000
1000000010000000
1100000011000000
0100000000000000
1000000010000000
1100000000000000
010000000000000000000000
0100000001000000
11100000
0000100000000000
010000001000000000000000
0101000011000000
01110000
adj
1100000010000000
1100000001000000
0000000010000000
00010000
0100000011000000
11100000
0000100000000000
0100000011000000
0100000001000000
11100000
1100000001000000
ldl
1111000000000000
0100000011000000
1000000011111111
1100000000000000
0101000011111111
0100000010000000
1100000000000000
0100000011000000
1000000011111111
1011000000000000
0100000010000000
1100000000000000
1100000010000000
0100000011000000
1011000000000000
0101000010000000
0100000000000000
01100000
0100000010000000
0101000011000000
01110000
ldc
0100000010000000
0101000011000000
01110000
data
